24.4148
78.968
91.4141
11.8958
57.1924
39.5439
2.37547
7.50071
23.578
32.4548
91.619
105.781
20.7607
41.1124
86.8783
53.5633
86.7147
99.9951
28.0954
69.3416
71.7243
105.033
67.3796
71.3484
173.321
74.6743
88.006
27.0023
63.9917
65.1585
33.4136
40.5111
52.8439
70.5093
58.8092
55.8536
68.324
31.4089
36.9429
23.5873
44.4458
53.2869
23.5862
43.9606
27.9395
1.83062
2.06757
0.197318
4.4439
8.40286
2.3778
1.68507
5.51247
1.11976
2.13424
5.83872
1.39161
1.7635
5.04413
1.07969
1.74138
4.79098
1.05729
1.57899
4.34043
0.92349
1.48815
4.02117
0.85468
1.37248
3.68292
0.770535
1.27558
3.38977
0.704562
1.17839
3.11453
0.642611
1.089
2.85785
0.585322
1.00399
2.61991
0.533686
0.92295
2.3983
0.486375
0.84632
2.19272
0.443335
0.773808
2.00187
0.404004
0.705423
1.82494
0.368108
0.64099
1.66095
0.33529
0.580414
1.5091
0.305291
0.523556
1.36855
0.277843
0.470317
1.23857
0.252709
0.420598
1.11847
0.229699
0.3743
1.00759
0.208593
0.331377
0.905365
0.189236
0.291757
0.811248
0.180815
0.240999
0.730585
0.16424
0.22231
0.647937
0.142196
0.197276
0.585612
0.145829
0.153852
0.518702
0.123383
0.1491
0.464549
0.108575
0.13051
0.417596
0.115662
0.0968031
0.365297
0.0920017
0.0990003
0.330614
0.0822332
0.0854199
0.295648
0.0751369
0.0736623
0.261457
0.0818216
0.0520026
0.22691
0.0611624
0.0567188
0.207494
0.0554584
0.0478987
0.184095
0.0501525
0.0413316
0.162581
0.0569162
0.0273374
0.13894
0.0398031
0.0323868
0.129378
0.0370398
0.0265473
0.11361
0.0329692
0.0231457
0.10063
0.0387197
0.0143778
0.0846988
0.02562
0.0185536
0.0805182
0.0245331
0.0147007
0.0699581
0.0214676
0.0130509
0.0623361
0.0193883
0.0111598
0.0549171
0.0230659
0.00669921
0.0458927
0.0146971
0.00930914
0.0444681
0.0144348
0.00709822
0.0382093
0.0124114
0.00645979
0.0342958
0.0152437
0.00367944
0.0282086
0.00937639
0.0054854
0.0279245
0.00948202
0.00402014
0.0237461
0.00801393
0.00377505
0.0215226
0.00738402
0.00317115
0.0188882
0.00876526
0.00191435
0.0157073
0.00543449
0.00284378
0.0156409
0.00553526
0.00204434
0.0132534
0.00464554
0.00196512
0.0120883
0.00430535
0.00164309
0.0106089
0.00377662
0.00148268
0.00951298
0.00456984
0.000900153
0.00784045
0.00279678
0.00135316
0.00793073
0.00291442
0.000936395
0.00665609
0.00240717
0.000935744
0.00613279
0.00225607
0.000772304
0.00536966
0.00260956
0.000522982
0.00450537
0.00164202
0.000736379
0.00453585
0.00170184
0.000512113
0.00381544
0.00140734
0.000516943
0.00352445
0.00132078
0.000427064
0.00309024
0.00151186
0.000305033
0.00260146
0.000960538
0.000413184
0.00262416
0.00100045
0.000285289
0.0022033
0.000823602
0.0002927
0.00204438
0.000776535
0.000240837
0.00179203
0.00087771
0.00018149
0.00151507
0.000564315
0.000235324
0.00152771
0.000588841
0.000162482
0.00128237
0.000483866
0.000168204
0.0011928
0.000457162
0.000138272
0.0010462
0.000398086
0.000129993
0.00094962
0.000465736
9.56126e-05
0.000790111
0.000295152
0.000123465
0.000805421
0.000313698
8.30962e-05
0.000671003
0.000254644
8.82546e-05
0.000628456
0.00024267
